Identifier: abctest_1
Ticket Type: 6/49
1. 24, 28, 22, 26, 45, 7
2. 24, 36, 31, 14, 23, 18
3. 15, 14, 31, 30, 26, 3
4. 22, 8, 16, 34, 30, 5
5. 25, 1, 39, 24, 43, 30

Identifier: abctest_2
Ticket Type: 6/49
1. 25, 35, 7, 4, 26, 20
2. 15, 47, 32, 9, 48, 2
3. 6, 36, 39, 30, 25, 10
4. 19, 12, 3, 43, 44, 2
5. 44, 42, 8, 12, 47, 46

Identifier: abctest_3
Ticket Type: 6/49
1. 48, 38, 16, 4, 9, 6
2. 29, 30, 6, 39, 46, 35
3. 7, 35, 15, 44, 10, 40
4. 13, 4, 38, 39, 33, 27
5. 26, 46, 4, 43, 16, 19

Identifier: none_1
Ticket Type: max
1. 10, 46, 23, 15, 3, 41, 8

